%YAML:1.0
---
model_type: PINHOLE
camera_name: infra2
image_width: 640
image_height: 480
distortion_parameters:
   k1: 0.33820660433187266
   k2: 0.18408566832395054 
   p1: -0.11260678492585198
   p2: 0.21248736189169395
projection_parameters:
   fx: 388.4665717299608
   fy: 387.789127627151
   cx: 313.8153096439829
   cy: 238.36096518287948
