%YAML:1.0
---
model_type: PINHOLE
camera_name: infra2
image_width: 640
image_height: 480
distortion_parameters:
   k1: 0.008399214615386863
   k2: -0.002806180998456902
   p1: 0.00015958006611416328
   p2: 0.0006614615167286668
projection_parameters:
   fx: 388.4665717299608
   fy: 387.789127627151
   cx: 313.8153096439829
   cy: 238.36096518287948
