cam0:
  T_cam_imu:
  - [0.9999420737251526, -0.0004406030482197837, -0.010754304403061864, -0.011461893489670846]
  - [0.00040811176875628585, 0.9999953467141051, -0.003023242451345982, -0.006871722308470699]
  - [0.010755586410048455, 0.0030186783679811407, 0.9999376005240953, -0.052045263620847056]
  - [0.0, 0.0, 0.0, 1.0]
  cam_overlaps: [1]
  camera_model: pinhole
  distortion_coeffs: [0.008399214615386863, -0.002806180998456902, 0.00015958006611416328,
    0.0006614615167286668]
  distortion_model: radtan
  intrinsics: [388.4650285832336, 387.800159554117, 315.9973473913636, 238.7466365141982]
  resolution: [640, 480]
  rostopic: /camera/infra1/image_rect_raw
  timeshift_cam_imu: -0.0008587355898954735
cam1:
  T_cam_imu:
  - [0.9999724512412156, -0.0005697841007106425, -0.0074008178408479005, -0.060755970421458666]
  - [0.0005523158938941782, 0.9999970576235608, -0.0023621370354498026, -0.006888416696787049]
  - [0.007402141972982354, 0.0023579843721850814, 0.9999698236466501, -0.051799397383233144]
  - [0.0, 0.0, 0.0, 1.0]
  T_cn_cnm1:
  - [0.9999943682586706, -0.00013930645688758206, 0.0033532140783602642, -0.049120579846809224]
  - [0.00013708528921312386, 0.9999997710709371, 0.0006626203278786813, 1.9361545175634732e-05]
  - [-0.0033533056180022427, -0.0006621569198506688, 0.9999941584277618, 0.00020257682113706155]
  - [0.0, 0.0, 0.0, 1.0]
  cam_overlaps: [0]
  camera_model: pinhole
  distortion_coeffs: [0.33820660433187266, 0.18408566832395054, -0.11260678492585198,
    0.21248736189169395]
  distortion_model: equidistant
  intrinsics: [388.4665717299608, 387.789127627151, 313.8153096439829, 238.36096518287948]
  resolution: [640, 480]
  rostopic: /camera/infra2/image_rect_raw
  timeshift_cam_imu: -0.0008592323968238265
