cam0:
  cam_overlaps: [1]
  camera_model: pinhole
  distortion_coeffs: [0.008399214615386863, -0.002806180998456902, 0.00015958006611416328,
    0.0006614615167286668]
  distortion_model: radtan
  intrinsics: [388.4650285832336, 387.800159554117, 315.9973473913636, 238.7466365141982]
  resolution: [640, 480]
  rostopic: /camera/infra1/image_rect_raw
cam1:
  T_cn_cnm1:
  - [0.9999943682586713, -0.00013930645688758206, 0.0033532140783602647, -0.049120579846809224]
  - [0.00013708528921312386, 0.9999997710709377, 0.0006626203278786814, 1.9361545175634732e-05]
  - [-0.003353305618002243, -0.000662156919850669, 0.9999941584277625, 0.00020257682113706155]
  - [0.0, 0.0, 0.0, 1.0]
  cam_overlaps: [0]
  camera_model: pinhole
  distortion_coeffs: [0.33820660433187266, 0.18408566832395054, -0.11260678492585198,
    0.21248736189169395]
  distortion_model: equidistant
  intrinsics: [388.4665717299608, 387.789127627151, 313.8153096439829, 238.36096518287948]
  resolution: [640, 480]
  rostopic: /camera/infra2/image_rect_raw
