%YAML:1.0
---
type: IMU
name: d435i
Gyr:
   unit: " rad/s"
   avg-axis:
      gyr_n: 2.7930955230644310e-03
      gyr_w: 2.7571476732540106e-05
   x-axis:
      gyr_n: 1.8717575862917941e-03
      gyr_w: 3.2368263919842089e-05
   y-axis:
      gyr_n: 4.9410709660651269e-03
      gyr_w: 3.2428877610332471e-05
   z-axis:
      gyr_n: 1.5664580168363719e-03
      gyr_w: 1.7917288667445770e-05
Acc:
   unit: " m/s^2"
   avg-axis:
      acc_n: 5.6681276705084049e-02
      acc_w: 1.0914773159861363e-03
   x-axis:
      acc_n: 3.4830818226859808e-02
      acc_w: 8.6314633778905147e-04
   y-axis:
      acc_n: 4.5371874907331779e-02
      acc_w: 1.3509757116159722e-03
   z-axis:
      acc_n: 8.9841136981060568e-02
      acc_w: 1.0603098985533857e-03
