sensor_type: IMU
hardware_id: /camera/imu 
sigmas:
 gyro_noise_density: 2.7930955230644310e-03
 gyro_bias_random_walk_noise_density: 2.7571476732540106e-05
 acc_noise_density: 5.6681276705084049e-02
 acc_bias_random_walk_noise_density: 1.0914773159861363e-03
saturation_accel_max_mps2: 150.0
saturation_gyro_max_radps: 7.5
gravity_magnitude_mps2: 9.81
 
