image_width: 640
image_height: 480
camera_name: cam2
camera_matrix:
  rows: 3
  cols: 3
  data: [388.46657173, 0.0, 313.815309644, 0.0, 387.789127627, 238.360965183, 0.0, 0.0, 1.0]
distortion_model: equidistant
distortion_coefficients:
  rows: 1
  cols: 4
  data: [0.338206604332, 0.184085668324, -0.112606784926, 0.212487361892]

